17104013	16146261	15146301	15146185
17104055	16146547	16104089	15146130
17143238	16146567	16104062	15146210
17143205	16146606	16104104	15146128
17143270	16146309	16104063	15146164
17143196	16104042	16143312	15146249
17143260	16104103	16143326	15146290
17143241	16143191	16143270	15146247
17144289	16143340	16143284	15146285
17144201	16146473	16143198	15143171
17144307	16146530	16143211	15143194
17144227	17104011	16143240	15146223
17144220	17104019	16144279	15146301
17144195	17104055	16144336	16104089
17144280	17143205	16144405	16104043
17144256	17143170	16144320	16104104
17144285	17143193	16144362	16104033
17146275	17143238	16144418	16143285
17146284	17143180	16144331	16143323
17146272	17143259	16144259	16143326
17146318	17144227	16144316	16143272
17146316	17144258	16144415	16143308
17146234	17144265	16144402	16143202
17146250	17144295	16146415	16143240
17153044	17144296	16146360	16144323
17153005	17144251	16146402	16144336
17153052	17144256	16146403	16144352
17104038	17144264	16146439	16144405
17104058	17144281	16146582	16144413
17143225	17144285	16146289	16144281
17143262	17146234	16146309	16144320
17146289	17146258	16146448	16144337
17146295	17146316	16104054	16144259
18104057	17146318	16104103	16144307
18104016	17146252	16143183	16144301
18104044	17146314	16146363	16144371
18104032	17146272	16146530	16144402
18143338	17146315	17104007	16146292
18143323	17153005	17104013	16146411
18143266	17153052	17104055	16146338
18143231	17153051	17143205	16146546
18143315	17104012	17143211	16146547
18143305	17104018	17143246	16146578
18143274	17143262	17143174	16146567
18143290	17146295	17143238	16146582
18143291	17146352	17143241	16146394
18143320	18104001	17144220	16146448
18143308	18104032	17144228	16104053
18144239	18104016	17144252	16104103
18144267	18104042	17144307	16110431
18144260	18143212	17144265	16143183
18144293	18143294	17144295	16146473
18144269	18143305	17144182	16146530
18144236	18143255	17144281	17104007
18144253	18143266	17144303	17104011
18144212	18143224	17144318	17104019
18146299	18143231	17146234	17143172
18146366	18143289	17146291	17143205
18146386	18143338	17146316	17143246
18146278	18143315	17146347	17143260
18146389	18143323	17146364	17143238
18146368	18143354	17146284	17143241
18146348	18144263	17146314	17144220
18146343	18144267	17146272	17144252
18146380	18144273	17153028	17144233
18146363	18144305	17153044	17144265
18153053	18144253	17153052	17144287
18153054	18144223	17104008	17144295
18153034	18144277	17104012	17144216
19104025	18144286	17143220	17144281
19104026	18146386	17143264	17144195
19104024	18146388	17146269	17144266
19104056	18146293	17146352	17144293
19104028	18146324	18104005	17146234
19134080	18146312	18104003	17146364
19138027	18146299	18104053	17146252
19138023	18146348	18104058	17146268
19138034	18146363	18143327	17146236
19143347	18146366	18143305	17146304
19143233	18146297	18143237	17146284
19143300	18146326	18143258	17146314
19143250	18153001	18143266	17146272
19143215	18153037	18143231	17153005
19143266	18153053	18143285	17153028
19143277	19104056	18143290	17153044
19143330	19104065	18143338	17153052
19143268	19104066	18143315	17104025
19143236	19104025	18143323	17104065
19143240	19104046	18143354	17143220
19144243	19134081	18144262	17143262
19144026	19138020	18144268	17146256
19144237	19138027	18144281	17146322
19144261	19143215	18144278	18104004
19144303	19143241	18144253	18104047
19144252	19143240	18144223	18104049
19144295	19143330	18144236	18104063
19144269	19143336	18144277	18104058
19144292	19143048	18146323	18143327
19146323	19143233	18146386	18143305
19146329	19143348	18146312	18143255
19146070	19143360	18146392	18143258
19146399	19143213	18146394	18143266
19146403	19143266	18146299	18143285
19146331	19143277	18146348	18143289
19146420	19144033	18146278	18143290
19146075	19144232	18146297	18143292
19146355	19144248	18146380	18143338
19146320	19144326	18153037	18143315
19344010	19144026	18153053	18143354
19344025	19144245	18153010	18144262
19344024	19144267	15145210	18144281
16145505	19144243	15145426	18144305
16145573	19144303	15145337	18144244
16145359	19146420	15145341	18144302
16145570	19146403	15145383	18144253
16145558	19146415	15145273	18144233
16145406	19146070	15145323	18144236
16145501	19146385	15145255	18144277
16145402	19146399	15145213	18146386
16145531	19146063	15145433	18146409
16147189	19146323	15147088	18146299
16147165	19146355	15147105	18146343
16147162	19146373	15147137	18146348
16147122	19344009	15145283	18146363
16145333	19344019	15145346	18146278
16145489	19344043	15147074	18146377
16147201	19344025	15147093	18146297
17145365	15145288	16145401	18146326
17145313	15145301	16145430	18146380
17145270	16145364	16145501	18153037
17145335	16145498	16145531	18153053
17145347	16145533	16145582	14147051
17145390	16145325	16145319	14147085
17145329	16145386	16145375	15145233
17145344	16145463	16145560	15145239
17147177	16145468	16145570	15145349
17147172	16145481	16145564	15145209
17147165	16145398	16147149	15145278
17147131	16145518	16147189	15145232
17145290	16147183	16147203	15145247
17145386	16147149	16147165	15145287
17147166	16147189	16145431	15145383
18145487	16147165	16145459	15145251
18145311	16145459	16147197	15145338
18145324	16145538	17145313	15145406
18145335	16147193	17145367	15145355
18145419	16147201	17145365	15145293
18145400	17145313	17145270	15145424
18145469	17145344	17145300	15147086
18145318	17145365	17145347	15147104
18145482	17145300	17145362	15147129
18145353	17145347	17145277	15145265
18145450	17145278	17147145	15145288
18145401	17145335	17147165	15145363
18145363	17145257	17147172	15147074
18147218	17147177	17147180	15147118
18147249	17147172	17145290	16145501
18147170	17147131	17145321	16145468
18147229	17147134	17147166	16145402
18147222	17145290	18145315	16145507
18147237	17145380	18145324	16145513
18154004	17147166	18145353	16145557
18154003	17147173	18145409	16145561
18154052	18145315	18145487	16145405
18154033	18145320	18145419	16145417
19145411	18145353	18145437	16145490
19145401	18145487	18145469	16147183
19145405	18145419	18145335	16147149
19145511	18145434	18145339	16147189
19145344	18145324	18145485	16147190
19145451	18145436	18145493	16147165
19145348	18145339	18145422	16145431
19145400	18145485	18145465	16145459
19145465	18145493	18147184	16147146
19145412	18145422	18147222	16147201
19145398	18145400	18147249	17145338
19145374	18145465	18147237	17145344
19145507	18147222	18147241	17145300
19145407	18147249	18147229	17145347
19147206	18147218	18154004	17145278
19147204	18147237	18154020	17145335
19147182	18147190	18154027	17145343
19147223	18147229	18154047	17145277
19147238	18154004	15116117	17145373
19147231	18154013	15116112	17147128
19147220	18154027	15116152	17147172
19154034	18154047	15116065	17147197
19154042	19145433	15116119	17147180
19154001	19145381	15128018	17145290
19154033	19145412	15128070	17145348
16116208	19145439	15128022	17147166
16116144	19145100	15128080	17147173
16128016	19145451	15150137	18145311
16128010	19145511	15150141	18145315
16128063	19145510	15150121	18145487
16128036	19145396	15150133	18145301
16128030	19145401	15150131	18145334
16128110	19145405	15150129	18145335
16150047	19145411	15116066	18145337
16150130	19145341	15116111	18145339
16150146	19145344	16116142	18145477
16150086	19147220	16116144	18145485
16116126	19147221	16128057	18145493
16116150	19147179	16128074	18145422
17116160	19147182	16128063	18145465
17116225	19147204	16128128	18145350
17116202	19147205	16128049	18145400
17116227	19147238	16128122	18147222
17128063	19154042	16150047	18147249
17128060	19154052	16150055	18147209
17128004	19154001	16150146	18147218
17128008	19154029	16150164	18147226
17128040	19154033	16116126	18147236
17128026	15150139	16116150	18147237
17150062	15116075	17116171	18154004
17150083	15116122	17116184	18154013
17150085	16116144	17116202	18154027
17150050	16116255	17116234	18154047
17116222	16128016	17128053	15116083
17116229	16128048	17128001	15116099
18116153	16128036	17128022	15116112
18116214	16128063	17128023	15116157
18116183	16128003	17128051	15116064
18116175	16128122	17150048	15116107
18116168	16150047	17150083	15128016
18116152	16150130	17150093	15128041
18128020	16150086	17150042	15128010
18128065	16150121	17116197	15128053
18128084	16150146	17116213	15128023
18128007	16116126	18116168	15128069
18128034	16116176	18116153	15150133
18128033	17116149	18116175	15150139
18150083	17116225	18116183	15116096
18150095	17116160	18116195	15116111
18150098	17116202	18116214	16116144
19116223	17116227	18128036	16116206
19116183	17128016	18128009	16128010
19116235	17128059	18128003	16128057
19116202	17128056	18128020	16128016
19116192	17128060	18128048	16128036
19116213	17128023	18128084	16128063
19128094	17128051	18150095	16150135
19128019	17150063	18150083	16150137
19128036	17150048	18150115	16150121
19128089	17150093	15109111	16150146
19128043	17150042	15109150	16150164
19128028	18116158	15109158	16116148
19128060	18116153	15109089	16116150
19150081	18116175	15109117	17116195
19150106	18116183	15109154	17116225
19150074	18116150	15109183	17116155
19150076	18116152	15123024	17116160
16109125	18128059	15123033	17116184
16109126	18128064	15152002	17128008
16109106	18128033	15152026	17128056
16109101	18128065	15109062	17128060
16109117	18128020	15109081	17128064
16123088	18128048	16109103	17128085
16123049	18150095	16109113	17128087
16123005	18150083	16109138	17150062
16123074	18150123	16109104	17150083
16123028	19116197	16109106	17150093
16152068	19116025	16109149	17150042
16152084	19116157	16123010	17116188
16109183	19116171	16123049	17116222
16109169	19116223	16123025	18116153
17109194	19116234	16123111	18116175
17109160	19128055	16123123	18116183
17109158	19128073	16123074	18116211
17123027	19128043	16152030	18116152
17123051	19128023	16152040	18116164
17123013	19128094	16109100	18128053
17152033	19128019	16109183	18128076
17109146	19128036	17109137	18128019
17109131	19150074	17109135	18128035
18109143	19150081	17109194	18128020
18109169	19150108	17123027	18128048
18109180	19150076	17123051	18150075
18109122	15109070	17123052	18150095
18109125	15109152	17152035	18150083
18121002	16109113	17109146	18150123
18121035	16109233	17109167	14109019
18123005	16109125	18109160	15109148
18123010	16109184	18109180	15109158
18123037	16109192	18109136	15109154
18123018	16109231	18109153	15109183
18159034	16123010	18109164	15109058
18159025	16123014	18109169	15109064
18159057	16123049	18121016	15109181
18159001	16123030	18121036	15123033
19109173	16123059	18123031	15123035
19109188	16123074	18123034	15152003
19109184	16152003	18123005	15152001
19109132	16152030	18123044	15152019
19109149	16109183	18159001	15109081
19109107	16109198	18159034	15109168
19121017	17109133	18159053	16109109
19121035	17109135	18159025	16109113
19123005	17109160	15110389	16109106
19123007	17109178	15110219	16109149
19123017	17123013	15110251	16109090
19137009	17123027	15110264	16109231
19137003	17123051	15110280	16123006
19159011	17152033	15110200	16123010
19159048	17109130	15110255	16123049
19159027	17109166	15110276	16123025
19159064	18109160	15110300	16123028
19159007	18109180	15110344	16123017
16110539	18109121	15110281	16123074
16110394	18109122	15110285	16152003
16110536	18109125	15110170	16152084
16110379	18109137	15110278	16109100
16110474	18121018	16110350	16109128
16110375	18121032	16110539	17109119
16110347	18123034	16110308	17109135
16110355	18123010	16110423	17109158
16110509	18123015	16110474	17109194
16110299	18123026	16110541	17123027
16110489	18159012	16110347	17123032
17110269	18159034	16110369	17123051
17110315	18159049	16110489	17152032
17110396	18159054	17110404	17109150
17110283	18159057	17110283	17109166
17110354	19109153	17110362	18109138
17110355	19109015	17110396	18109143
17133073	19109154	17110344	18109156
17133026	19109172	17110354	18109125
17133001	19109107	17110372	18109142
17133003	19109184	17110290	18109153
17110284	19121017	17133003	18121001
17110335	19121036	17133047	18121037
18110326	19123005	17133048	18123032
18110344	19123007	17133007	18123034
18110284	19123017	17133073	18123010
18110339	19137005	17110335	18123044
18110345	19159027	17110350	18159034
18110251	19159028	18110332	18159049
18110343	19159048	18110278	18159054
18110374	19159046	18110344	18159021
18110304	19159064	18110366	18159027
18110377	15110269	18110290	15110166
18110246	15110284	18110326	15110171
18133006	16110394	18110343	15110283
18133021	16110405	18110249	15110242
18133058	16110375	18110320	15110338
18133060	16110474	18110345	15110347
19110462	16110541	18110327	15110391
19110498	16110291	18133011	15110320
19110407	16110299	18133054	15110342
19110383	16110309	18133006	15110174
19110335	17110290	18133021	15110255
19110475	17110338	15119106	15110363
19110456	17110354	15119133	15110215
19110039	17110283	15119074	15110240
19110454	17110344	15119081	15110293
19110374	17110355	15119114	16110394
19110479	17110372	15141128	16110350
19110373	17110382	15141274	16110375
19110452	17110396	15141111	16110474
19110489	17133003	15141142	16110541
19133061	17133051	15141250	16110347
19133067	17133007	15141268	16110480
19133037	17133039	15141306	16110299
19133014	17133073	15141278	16110489
19133046	17110298	15141326	17110359
16119095	17110335	15150063	17110400
16119136	18110332	15141131	17110283
16119065	18110284	15141335	17110396
16119081	18110339	15141156	17110344
16129067	18110344	15141256	17110354
16129013	18110366	15142269	17110355
16129018	18110377	15142171	17110372
16129085	18110320	15142299	17110382
16141218	18110374	15142292	17133003
16141161	18110251	15142249	17133047
16141243	18110402	15142158	17133039
16141295	18128062	15142220	17133044
16141106	18133011	15142234	17133073
16141128	18133044	15142130	17110350
16141351	18133006	15142227	17110364
16141111	18133021	15142303	18110332
16141296	18133007	15142355	18110245
16142311	19110454	15142310	18110344
16142404	19110335	15142318	18110366
16142339	19110477	15142369	18110377
16142333	19110498	15151133	18110326
16142393	19110447	15151215	18110249
16151127	19110345	15151251	18110271
16151276	19110407	15151208	18110309
16151113	19110449	15151211	18110345
16151261	19110456	15151229	18110246
16151230	19110339	15151254	18110251
16151263	19110352	15151185	18133039
16141153	19110493	15151232	18133006
16141348	19110462	15151250	18133007
16142354	19110492	15141307	18133014
16142436	19133061	15141308	18133021
17119105	19133067	15142153	14141219
17119096	19133047	15142294	14141211
17119076	19133020	16119095	14141327
17119062	19133049	16119136	14142186
17129008	15141260	16119074	14142234
17129012	15141248	16119140	15119089
17129031	15142258	16129037	15119091
17129059	15142364	16129067	15119148
17141199	16119081	16129070	15119156
17141180	16119095	16129085	15119119
17141188	16119136	16141126	15119133
17141225	16119065	16141149	15119074
17142330	16129037	16141295	15119081
17142251	16129067	16141190	15141274
17142277	16129004	16141280	15141200
17142349	16129075	16141218	15141216
17142279	16141100	16141243	15141168
17142335	16141295	16141318	15141268
17142316	16141101	16141211	15141101
17142348	16141280	16141351	15141204
17151233	16141300	16142311	15141161
17151211	16141218	16142478	15141253
17151203	16141243	16142503	15141278
17151289	16141341	16142268	15141254
17151268	16141111	16142504	15141230
17151234	16141211	16151220	15141120
17151215	16141351	16151243	15141156
17151208	16142311	16151271	15141226
17141242	16142390	16151230	15141245
17141190	16142404	16151276	15142145
17142245	16142344	16151113	15142314
17142278	16142504	16141139	15142332
18119181	16151230	16141272	15142299
18119163	16151298	16142295	15142357
18119158	16151139	16142436	15142292
18119186	16151113	17119073	15142309
18119192	16151183	17119076	15142201
18129040	16151192	17119114	15142263
18129028	16141153	17119103	15142272
18129025	16141110	17129046	15142290
18129023	16142295	17129031	15142325
18142285	16142309	17129041	15142195
18142264	17119073	17129051	15142217
18142353	17119076	17141199	15142150
18142337	17119085	17141201	15142202
18142410	17119096	17141260	15151196
18142395	17129008	17141200	15151208
18142401	17129059	17141220	15151212
18142345	17129028	17142317	15151175
18142270	17129037	17142277	15151250
18142367	17141180	17142279	15151143
18142342	17141199	17142349	15151231
18142417	17141201	17142251	15151241
18151220	17141200	17142330	15151179
18151229	17141220	17142334	15151194
18151154	17142313	17142338	15151195
18151239	17142277	17151211	15141307
18151194	17142279	17151250	15141308
18151164	17142335	17151191	15142153
18151222	17142349	17151215	15142166
18151257	17142316	17151197	16119081
18161222	17142330	17151289	16119095
18161248	17142334	17151171	16119136
18161236	17142338	17151239	16119140
18161277	17151205	17141175	16129057
18161268	17151261	17141190	16129067
18161239	17151279	17142225	16129072
18161193	17151197	17142245	16129080
18161287	17151203	18119158	16141149
19119220	17151233	18119182	16141271
19119182	17151267	18119186	16141295
19119177	17151204	18119150	16141101
19119170	17141190	18119163	16141171
19119227	17142245	18119198	16141166
19119231	17142278	18129001	16141218
19129066	18119158	18129028	16141318
19129038	18119182	18129016	16141211
19129002	18119163	18129008	16141351
19129001	18119181	18129047	16141369
19142391	18119192	18142399	16142311
19142348	18119209	18142410	16142333
19142320	18129001	18142397	16142503
19142419	18129028	18142401	16142285
19142357	18129016	18142337	16142344
19142410	18129008	18142342	16142395
19142303	18142345	18142353	16151108
19142040	18142399	18142371	16151220
19142350	18142410	18142395	16151271
19142408	18142334	18142307	16151139
19142293	18142354	18142367	16151203
19142383	18142285	18142382	16151278
19151206	18142337	18151242	16151113
19151299	18142353	18151154	16141124
19151253	18142371	18151219	16141272
19151295	18142395	18151229	16142494
19151289	18142264	18151260	16142354
19151204	18142367	18151183	17119073
19151226	18142392	18151257	17119076
19151219	18151239	18151207	17119080
19151041	18151242	18161204	17119096
19161283	18151154	18161251	17119103
19161327	18151183	18161197	17129059
19161224	18151194	18161306	17129028
19161291	18151206	18161212	17129031
19161286	18151257	18161268	17129037
19161290	18151207	15109002	17141199
19161264	18161295	15109009	17141201
19161285	18161204	15109022	17141259
19161250	18161236	15110043	17141183
19342039	18161241	15110048	17141188
19342050	18161213	15116005	17141200
19342022	18161306	15116034	17142336
19342016	18161266	15116036	17142313
19342010	18161268	15116057	17142277
16109002	18161287	15124030	17142279
16109017	19119193	15124053	17142348
16109254	19119220	15125034	17142349
16109082	19119192	15125157	17142235
16110250	19119227	15125015	17142330
16110544	19119178	15141029	17142334
16110007	19129025	15141060	17151170
16110254	19129033	15141011	17151187
16110267	19129047	15141086	17151211
16110070	19129004	15141028	17151191
16110098	19142287	15142038	17151215
16110035	19142302	15142074	17151261
16110016	19142051	15142015	17151197
16110027	19142308	15142107	17151267
16110061	19142314	15142114	17151196
16110002	19142381	15142086	17141263
16116012	19142414	15142054	17141173
16116079	19142419	15143048	17142245
16116063	19142035	15143055	17142278
16116099	19142357	15143088	18119158
16116009	19142408	15143001	18119182
16119003	19142410	15143071	18119163
16124218	19151203	15143023	18119181
16124023	19151226	15110189	18119192
16124068	19151033	15144063	18119198
16124051	19151314	15144072	18145369
16124224	19151034	15144027	18161212
16125064	19151206	15144011	18161219
16125075	19151212	15144005	18161237
16125069	19151253	15145041	18161192
16125054	19151289	15145050	18161268
16141081	19161307	15145126	18161197
16141058	19161310	15145040	18161199
16141084	19161274	15145156	18161256
16141071	19161291	15145078	18161204
16142019	19161224	15145116	18161279
16142024	19161286	15145176	15109044
16142018	19161264	15145107	15109007
16142181	19161327	15145109	15109008
16142066	19161243	15145103	15109038
16142246	19342061	15145099	15110064
16142173	19342028	15146021	15110155
16142078	19342037	15146073	15110123
16142236	19342041	15146023	15110132
16142158	16109002	15146053	15110150
16142067	16109011	15146076	15110381
16142068	16109029	15146109	15110075
16142139	16109074	15146100	15110090
16142152	16110002	15146029	15110122
16143064	16110027	15146046	15116030
16143364	16110084	15147023	15116006
16143149	16110104	15147032	15116022
16143141	16110124	15147009	15116161
16143155	16110007	15147008	15116048
16143130	16110016	15148041	15119017
16143134	16110068	15148034	15119029
16143051	16110092	15148042	15119048
16143123	16110256	15148060	15119031
16144449	16110112	15149014	15124017
16144001	16110186	15149030	15124008
16144192	16116003	15150020	15124042
16144154	16116022	15151008	15124062
16144146	16116092	15151020	15125029
16144176	16116075	15151006	15125001
16144071	16116082	15151062	15125025
16144019	16119038	15151098	15125041
16144050	16119040	16109002	15127024
16144190	16124224	16109034	15141012
16145061	16124035	16109084	15141076
16145026	16124006	16109045	15141033
16145602	16124066	16110027	15141084
16145156	16131024	16110121	15141086
16145096	16124063	16110016	15141037
16145073	16125054	16110256	15142055
16145297	16125064	16110267	15142061
16145241	16125073	16110544	15142100
16145256	16125079	16110093	15142103
16145203	16141084	16110112	15142125
16145316	16141002	16110128	15142077
16145255	16142178	16110249	15142033
16145290	16142078	16110547	15142110
16145286	16142246	16116012	15142126
16145614	16142098	16116022	15143074
16145625	16142162	16116054	15143027
16145278	16142524	16116075	15143072
16146032	16142218	16116082	15143049
16146021	16142145	16119003	15143023
16146042	16142152	16119038	15143092
16146201	16142181	16124035	15144081
16124016	16142158	16131024	15144036
16146204	16132013	16124011	15144083
16146181	16142018	16124063	15144008
16146210	16142024	16124073	15144029
16146130	16142652	16125064	15144078
16146091	16143157	16125073	15144253
16146150	16143364	16125046	15145037
16146165	16143149	16125091	15145058
16147110	16143154	16141084	15145068
16141355	16143064	16142128	15145175
16147023	16143134	16142098	15145005
16147060	16143025	16142219	15145008
16147047	16143085	16128113	15145036
16147086	16143101	16142524	15145100
16148046	16143402	16142066	15145172
16148206	16143428	16141040	15145077
16148047	16143433	16142145	15145106
16148034	16144077	16142152	15145128
16149333	16144072	16142181	15145067
16149063	16144013	16142158	15146112
16149017	16144048	16142597	15146067
16149072	16144035	16142041	15146017
16149078	16144060	16142652	15146023
16149132	16144070	16143157	15146072
16149008	16144025	16143364	15146097
16150010	16144058	16143141	15146044
16150174	16144088	16143149	15146041
16151313	16144202	16143064	15146068
16151028	16145135	16143134	15147037
16151079	16145065	16143026	15147031
16151019	16145173	16143025	15147003
16151048	16145297	16143058	15147049
17109014	16145073	16143402	15147051
17109068	16145256	16143428	15148033
17109098	16145623	16143433	15148045
17109105	16145156	16144146	15148065
17109047	16145286	16144445	15148011
17109079	16145203	16144077	15148014
17109144	16145231	16144447	15149044
17110003	16145089	16144072	15149223
17110075	16145241	16144160	15149030
17110025	16145277	16144001	15149048
17110026	16145622	16144013	15149224
17110069	16145024	16144449	15150034
17110255	16145026	16144088	15150021
17110184	16145061	16144154	15150027
17110219	16146202	16145135	15150038
17145253	16146083	16145065	15151002
17110154	16146091	16145297	15151058
17110144	16146076	16145073	15151097
17110116	16146130	16145256	15151094
17110163	16146641	16145623	15151244
17110169	16146108	16145254	15151059
17110135	16146153	16145196	15151063
17116107	16146184	16145229	16109002
17116237	16146201	16145632	16109029
17116127	16146032	16145194	16109034
17116055	16146652	16145273	16109045
17116074	16146021	16145089	16109081
17116097	16147078	16145142	16110149
17116086	16141355	16145222	16110153
17116093	16147023	16145024	16110163
17119033	16147017	16145602	16110007
17119022	16147094	16145026	16110121
17119054	16147104	16146147	16110196
17124069	16148003	16146639	16146172
17124047	16148034	16146212	16110076
17124139	16148046	16146092	16110092
17124072	16148047	16146181	16110544
17124016	16149078	16146076	16110128
17124034	16149102	16146110	16110162
17124017	16149024	16146130	16110186
17124056	16149061	16146641	16110548
17124040	16149063	16146201	16116068
17124015	16149072	16146032	16116063
17110182	16149007	16146036	16116092
17125042	16150008	16146018	16116075
17125146	16150174	16147078	16116082
17125052	16151027	16147017	16116219
17125117	16151019	16147060	16119038
17125076	16151036	16147104	16119046
17125015	16151048	16147110	16124224
17125131	16151088	16148046	16124006
17141026	16151313	16148041	16131024
17141027	17109005	16127015	16124011
17141131	17109039	16149078	16124029
17141087	17109014	16149017	16124083
17141042	17109052	16149024	16125073
17141107	17109144	16149063	16125046
17142054	17109042	16149072	16125210
17141247	17109098	16150008	16125021
17142166	17110068	16150174	16141084
17141037	17110069	16151027	16141002
17142021	17110003	16151061	16142093
17142016	17110075	16151002	16142078
17142169	17110076	16151019	16142148
17142129	17110207	16151036	16142070
17142121	17110129	16151313	16142098
17142102	17110310	17109032	16142177
17142164	17110174	17109047	16142202
17142100	17110240	17109105	16142524
17142112	17110135	17109042	16142056
17142179	17110154	17109065	16142152
17143019	17110169	17109068	16142236
17143017	17110221	17109098	16142158
17143128	17110256	17110217	16132013
17143065	17116055	17110123	16142018
17143162	17116064	17110236	16142024
17143145	17116074	17110201	16142652
17143148	17125187	17110133	16143090
17143109	17116093	17110154	16143157
17143120	17116127	17110219	16143173
17143083	17116142	17110135	16143364
17144001	17116023	17110221	16143120
17144010	17116107	17110098	16143141
17144052	17116237	17110165	16143149
17144147	17119054	17110068	16143154
17144175	17119040	17110071	16143064
17149177	17119036	17110069	16143134
17144176	17124139	17110001	16143402
17144163	17124017	17110003	16143428
17144047	17124072	17116087	16143433
17144094	17124069	17116130	16144077
17144112	17124131	17116055	16144072
17145015	17124047	17116074	16144013
17145016	17124113	17116123	16144449
17145050	17124016	17116116	16144040
17145018	17124040	17116127	16144060
17145052	17124070	17116023	16144019
17145128	17151161	17116107	16144025
17145175	17125042	17116002	16144050
17145238	17110182	17119017	16144058
17145172	17125146	17119054	16144088
17145246	17125117	17119036	16144202
17145220	17125131	17124104	16145135
17145245	17125052	17124139	16145161
17145254	17125093	17124017	16145289
17145214	17125095	17124057	16145297
17145376	17141004	17124015	16145256
17145094	17141042	17124069	16145623
17145124	17141141	17124047	16145141
17146068	17141087	17124113	16145156
17146049	17141131	17124016	16145290
17146001	17141085	17151161	16145079
17146043	17141037	17125135	16145316
17146161	17141137	17125042	16145231
17146152	17142054	17125052	16145254
17146150	17141247	17110182	16145196
17146130	17142121	17125146	16145089
17146216	17142102	17125033	16145277
17146197	17142112	17125039	16145032
17146126	17142187	17125131	16145061
17146174	17142093	17141096	16145602
17146121	17142150	17141137	16124016
17146179	17142179	17141085	16146639
17146112	17142156	17141003	16146149
17147088	17142199	17142121	16146092
17147018	17142049	17142178	16146120
17147020	17142016	17142194	16146163
17147079	17142021	17142129	16146221
17147016	17143128	17142164	16146165
17147095	17143147	17142187	16146181
17147062	17143056	17142150	16146184
17147068	17143111	17142179	16146032
17148010	17143079	17142156	16146055
17148058	17143145	17142029	16146602
17148067	17143087	17142049	16147017
17148006	17143142	17142016	16147083
17148089	17143006	17143109	16147094
17149036	17143009	17143128	16147105
17149004	17143011	17143068	16147047
17149160	17144147	17143069	16147110
17149047	17144161	17143154	16148001
17149082	17144131	17143065	16148003
17149058	17149177	17143054	16148034
17149087	17144085	17143082	16148047
17149167	17144163	17143001	16149078
17149130	17144093	17143012	16149102
17149150	17144052	17144119	16149024
17150018	17144175	17144121	16149061
17150003	17144010	17144126	16149071
17151028	17144026	17144135	16149072
17151027	17145175	17144123	16149134
17151160	17145082	17144106	16149323
17151078	17145084	17144052	16150008
17151110	17145094	17144137	16150174
17145022	17145242	17144175	16151027
17151090	17145246	17144001	16151061
17151088	17145097	17144010	16151047
17151063	17145250	17145175	16151053
17151121	17145145	17145246	16151019
17151097	17145180	17145172	16151313
18109059	17145219	17145125	17109070
18109042	17145124	17145097	17109105
18109017	17145238	17145237	17109144
18109030	17145056	17145092	17109050
18109079	17145016	17145180	17109068
18109035	17145020	17145219	17109096
18110018	17145035	17145203	17109098
18110023	17110053	17145128	17110094
18110016	17146112	17145238	17110121
18110063	17146226	17145025	17110236
18110041	17146126	17145051	17110229
18110207	17146152	17145002	17110247
18110234	17146120	17145015	17110154
18110209	17146121	17110053	17110135
18110232	17146141	17146199	17110168
18110189	17146129	17146103	17110221
18110243	17146130	17146197	17110310
18110160	17146136	17146226	17110165
18110164	17146161	17146152	17110059
18110092	17146100	17146216	17110071
18110103	17146001	17146221	17110050
18110073	17146076	17146367	17110001
18110170	17146049	17146121	17110028
18116015	17146068	17146130	17110076
18116026	17147035	17146133	17116055
18116089	17147079	17146001	17116077
18116116	17147100	17146008	17116137
18116097	17147085	17146006	17116074
18116054	17147018	17146068	17116116
18116099	17147020	17146069	17116127
18116229	17147005	17147035	17116100
18116114	17147090	17147079	17116023
18119024	17148016	17147013	17116004
18119040	17148025	17147018	17116022
18119014	17148067	17147033	17119017
18119132	17148088	17147020	17119054
18119131	17148058	17147010	17119040
18119097	17148084	17147090	17119036
18119055	17149058	17148088	17124104
18119082	17149082	17148010	17124091
18124013	17149166	17148058	17124094
18124040	17149047	17125183	17124078
18124106	17149087	17149082	17124127
18124056	17149074	17149103	17124113
18124091	17149161	17149130	17124016
18124102	17149084	17149080	17124034
18124097	17149160	17149074	17124040
18124085	17149036	17149150	17124074
18124047	17149022	17149160	17125042
18124120	17150003	17149036	17110182
18124029	17150026	17149022	17125117
18125042	17151160	17150007	17125196
18125071	17151085	17150026	17125033
18125079	17151110	17151139	17125039
18125039	17151048	17145022	17125131
18125030	17151088	17151085	17125095
18125004	17151143	17151088	17125144
18142036	17151049	17151049	17141096
18142053	17151078	17151075	17141037
18142031	17151087	17151050	17141042
18142046	17151028	17151078	17141141
18142032	17151210	17151063	17141040
18142132	18109042	17151028	17141120
18142216	18109011	17151210	17141137
18142101	18109035	18109042	17141067
18142116	18109070	18109085	17141143
18142230	18109016	18109030	17141085
18142197	18109017	18109100	17141003
18142114	18109079	18109035	17141004
18142243	18110164	18109036	17142121
18142175	18110214	18109070	17142194
18142221	18110092	18110164	17142160
18142161	18110132	18110180	17142079
18142215	18110234	18110179	17142087
18143010	18110170	18110132	17142129
18143045	18110201	18110234	17142132
18143048	18110207	18110072	17142179
18143025	18110074	18110201	17142156
18143121	18110189	18110207	17149292
18143084	18110204	18110074	17142202
18143083	18110209	18110091	17142049
18143153	18110243	18110209	17142016
18143149	18110014	18110232	17142045
18143069	18110041	18110243	17143109
18143136	18110052	18110023	17143128
18143156	18110011	18110041	17143111
18143171	18110045	18110051	17143130
18143105	18116051	18110069	17143065
18144014	18116120	18110050	17143120
18144018	18116229	18116051	17143145
18144001	18116041	18116075	17143054
18144025	18116054	18116146	17143087
18142084	18116076	18116054	17143009
18144182	18116114	18116135	17144119
18144080	18116138	18116092	17144126
18144133	18116015	18116110	17144135
18144135	18116026	18116138	17144147
18144107	18119085	18116021	17144106
18144088	18119097	18116023	17144093
18144171	18119132	18119097	17144112
18144075	18119063	18119132	17149209
18144176	18119131	18119002	17144052
18145037	18119082	18119005	17144175
18145053	18119040	18119031	17144001
18145038	18119002	18124135	17144010
18145014	18119013	18124004	17144027
18145080	18124086	18124013	17145175
18145211	18124118	18124040	17145177
18145158	18124005	18124080	17145246
18145275	18124090	18124056	17145115
18145181	18124131	18124015	17145097
18145146	18124013	18124091	17145092
18145085	18124040	18124097	17145145
18145201	18124056	18124067	17145180
18145254	18124047	18124085	17145124
18145256	18124033	18125053	17145203
18145199	18124085	18125062	17145128
18145116	18124111	18125008	17145214
18145273	18125042	18125071	17145238
18145265	18125089	18125004	17145020
18110118	18125071	18125031	17145002
18145204	18125004	18142129	17145015
18146035	18125019	18142154	17145030
18146066	18125030	18142100	17145045
18146005	18142119	18142130	17145068
18146049	18142161	18142166	17146112
18146048	18142166	18142202	17146199
18146201	18142230	18142172	17146225
18146264	18142170	18142101	17146060
18146078	18142178	18142216	17146226
18145196	18142202	18142091	17146126
18146140	18142172	18142141	17146150
18146252	18142132	18142181	17146152
18146111	18142091	18142046	17146216
18146158	18142141	18142043	17146367
18146176	18142181	18142052	17124165
18146234	18142197	18143171	17146141
18146152	18142046	18143068	17146172
18146248	18142043	18143144	17146001
18146220	18142053	18143125	17146010
18147026	18142063	18143156	17146002
18147022	18142032	18143183	17146047
18147031	18143157	18143190	17146069
18147083	18143170	18143122	17147007
18147108	18143121	18143131	17147079
18147078	18143156	18143083	17147013
18147077	18143167	18143045	17147018
18147162	18143180	18143015	17147098
18147150	18143183	18144080	17147020
18147072	18143131	18144088	17147030
18147102	18143153	18144160	17147063
18149004	18143083	18144109	17147032
18149008	18143123	18144204	17148016
18149133	18143045	18144135	17148011
18149156	18143027	18144145	17148076
18149143	18143010	18144167	17148058
18149206	18143014	18144085	17148084
18149103	18144080	18144133	17148005
18149044	18144171	18144128	17125183
18149201	18144176	18144014	17149109
18149158	18144109	18144056	17149047
18149162	18144190	18144025	17149074
18149062	18144182	18144038	17149161
18149181	18144128	18145211	17149084
18150015	18144107	18145065	17149150
18150003	18142084	18145137	17149160
18150074	18144143	18145160	17149169
18150031	18144014	18145217	17149038
18151016	18144018	18145251	17149022
18151041	18144056	18145238	17150003
18151030	18144025	18145199	17150034
18151135	18145211	18145085	17151139
18151093	18145149	18145126	17145022
18151125	18145238	18145196	17151102
18151098	18145082	18145282	17151110
18151049	18145085	18145091	17151049
18151134	18145116	18145197	17151075
18151092	18145126	18145133	17151076
18151144	18145171	18145154	17151074
18158058	18145091	18145037	17151087
18158068	18145181	18145040	17142001
18158062	18145273	18145066	17151063
18158020	18145197	18145018	17151003
18158012	18145275	18145055	17151210
18158045	18145154	18145071	18109042
18158049	18145285	18146157	18109044
18161039	18145028	18146257	18109059
18161056	18145038	18146109	18109030
18161101	18145044	18146113	18109089
18161090	18145062	18146141	18109016
18161162	18145040	18146201	18109079
18161170	18145053	18146220	18110164
18161174	18146235	18146221	18110184
18142241	18146194	18146130	18110102
18161180	18145196	18146264	18110175
18161068	18146109	18146111	18110215
18161177	18146112	18146234	18110234
19109012	18146141	18146218	18110104
19109001	18146201	18146176	18110201
19109007	18146220	18146026	18110207
19109024	18146221	18146048	18110074
19109038	18146227	18146054	18110186
19109006	18146264	18146005	18110209
19110145	18146111	18146035	18110232
19110143	18146234	18146033	18110243
19110056	18146218	18147077	18110006
19110064	18146248	18147078	18110023
19110101	18146026	18147102	18110024
19110100	18146029	18147108	18110027
19110115	18146066	18147146	18116058
19110107	18146054	18147095	18116120
19110189	18146005	18147144	18116121
19110024	18146035	18147079	18116041
19110213	18147077	18147004	18116054
19110038	18147078	18147019	18116067
19110314	18147108	18147022	18116062
19110188	18147111	18149120	18116143
19110030	18147065	18149151	18116015
19110209	18147004	18149189	18116021
19110250	18147026	18149057	18119085
19110031	18147022	18149103	18119097
19119122	18149162	18149143	18119135
19110269	18149189	18149201	18119131
19110268	18149103	18149163	18119071
19110008	18149133	18149206	18119082
19119229	18149143	18149122	18119002
19116012	18149206	18149187	18119005
19116049	18149122	18149104	18119024
19116024	18149156	18149030	18124102
19116017	18149187	18150003	18124118
19116067	18149104	18150015	18124230
19116060	18149081	18151047	18124066
19116135	18149124	18151050	18124071
19116228	18149004	18151049	18124119
19116118	18149028	18151138	18124128
19119043	18150003	18151122	18124047
19119067	18150015	18151092	18124091
19119002	18151052	18151098	18124041
19119218	18151049	18151093	18124062
19119130	18151125	18151003	18124111
19119127	18151122	18151041	18125053
19119078	18151139	18151099	18125008
19119088	18151145	18151188	18125071
19119011	18151098	18158049	18125019
19147265	18151135	18158068	18125027
19124055	18151033	18158051	18125030
19124002	18151003	18158062	18142100
19124045	18151188	18158064	18142114
19124020	18158064	18158106	18142116
19124014	18158020	18158082	18142161
19124016	18158083	18158090	18142230
19124139	18158080	18161101	18142170
19124200	18158011	18161068	18142178
19124106	18158096	18161162	18142189
19124128	18158082	18161177	18142190
19124142	18158100	18161090	18142205
19124136	18161056	18161143	18142141
19124116	18161101	18161180	18142181
19124152	18161162	18161024	18142197
19124202	18161090	18161007	18142071
19125116	18161151	18161039	18142063
19125138	18161139	15148086	18143188
19125108	18161068	15148092	18143171
19125024	18161177	15148088	18143059
19125107	18142241	15148113	18143079
19125120	18161143	15148131	18143105
19125129	18161180	16148069	18143068
19125122	19109007	16148077	18143125
19125041	19109012	16148113	18143156
19142017	19109001	16148166	18143160
19142094	19109039	16148182	18143083
19142191	19109040	17148112	18143133
19142142	19109056	17148144	18143045
19142019	19110024	17148147	18144088
19142145	19110030	17148158	18144161
19142212	19110031	17148162	18144109
19142251	19110197	18156010	18144185
19142022	19119122	18156040	18144135
19142139	19110038	18156043	18144167
19142172	19110209	18156045	18144071
19142255	19110270	18158109	18144085
19142027	19110295	18158113	18144134
19142033	19110007	18158126	18144182
19142152	19110213	18158144	18144110
19142024	19110011	16130038	18144025
19142155	19110171	16130083	18144038
19143023	19110201	16130032	18144056
19143024	19110275	16130054	18145229
19143123	19110317	17130025	18145204
19143088	19110004	17130044	18145111
19143168	19110064	17130041	18145211
19143188	19110006	18130044	18145065
19143369	19110063	18130047	18145119
19143095	19110066	18130012	18145149
19143014	19110140	18130016	18145238
19143090	19110003	15124134	18145199
19143032	19110073	15124146	18145085
19143104	19116100	15124070	18145126
19143027	19116136	15124111	18145200
19144082	19116017	15124117	18145282
19144083	19116079	15125071	18145165
19144059	19116018	15125070	18145181
19144106	19116122	15125135	18145197
19144216	19116067	15126011	18145261
19144115	19116228	15126020	18145293
19144108	19116012	16124152	18145028
19144148	19116049	16124153	18145040
19144009	19119218	16124160	18145044
19144197	19119088	16124181	18145046
19144199	19119113	16124149	18145021
19144203	19119011	16125121	18145045
19144022	19119075	16125141	18146152
19145144	19119098	16125180	18146252
19145175	19119081	16126048	18146109
19145010	19119101	16126068	18146112
19145009	19119043	16126014	18146113
19145148	19119057	16126039	18146187
19145138	19119186	16132038	18146201
19145071	19124139	16132073	18146220
19145063	19124213	16132107	18146227
19145038	19124022	16132155	18146130
19145215	19124101	16132078	18146264
19145283	19124128	16132163	18146207
19145258	19124020	17124230	18146078
19145252	19124023	17124147	18146140
19145059	19124112	17124172	18146199
19145287	19124125	17124181	18146005
19145328	19124196	17124199	18146026
19145234	19124097	17124195	18146004
19145084	19124142	17125169	18146040
19145024	19124039	17125191	18146054
19145317	19124043	17125215	18147018
19145239	19124059	17125151	18147077
19145199	19125005	17125160	18147078
19145334	19125054	17126008	18147083
19146122	19125026	17126064	18147098
19146090	19125084	17126010	18147104
19146104	19125116	17126042	18147115
19146113	19125125	17126033	18147146
19146102	19125134	17126049	18147112
19146146	19125006	17132073	18147144
19146303	19125024	17132006	18147022
19146153	19142255	17132015	18147026
19146255	19142032	17132044	18147037
19146302	19142246	17132046	18149120
19146017	19142432	18124191	18149151
19144255	19142139	18124170	18149162
19146242	19142214	18124180	18149189
19146301	19142122	18124202	18149057
19146148	19142152	18124204	18149103
19146279	19142155	18124205	18149133
19146251	19142256	18124221	18149143
19146289	19142268	18125115	18149134
19146046	19142027	18125118	18149201
19142290	19142033	18125152	18149062
19147053	19142172	18125113	18149163
19147066	19142201	18125145	18149104
19147146	19142078	18126063	18149016
19147008	19142083	18126072	18150003
19147005	19143003	18126010	18150014
19147141	19143014	18126023	18150061
19138004	19143196	18126049	18150015
19147170	19143369	18126055	18151065
19147126	19143182	18132057	18151049
19147109	19143090	18132060	18151125
19149001	19143095	18132078	18151138
19149147	19143008	18132090	18151122
19149029	19143161	18132002	18151145
19149119	19143136	18132046	18151098
19149122	19143166	15950011	18151135
19149009	19143168	15950016	18151093
19149213	19143065	15950043	18151001
19149201	19143073	15950028	18151013
19149105	19144205	15950046	18151099
19149031	19144142	16131026	18151188
19149124	19144148	16131083	18158068
19149141	19144153	16131097	18158062
19149021	19144020	16131109	18158020
19150041	19144022	16131126	18158096
19150038	19144009	16950015	18158046
19151001	19144091	16950038	18158082
19151088	19144192	17131005	18161138
19151067	19144199	17131011	18161071
19151054	19144185	17131050	18161162
19151003	19144049	17131037	18161150
19151112	19144063	17131043	18161067
19151320	19145024	17950008	18161075
19151102	19145215	17950037	18161111
19151108	19145071	18131072	18161119
19151125	19145295	18131096	18161048
19151107	19145331	18131111	18161057
19151111	19145333	18131122	18161133
19151178	19145084	18131136	18161039
19151113	19145239	18131125	15148086
19158005	19145312	18131017	15148092
19158060	19145017	18131088	15148106
19158009	19145199	18131006	15148098
19158036	19145209	18131018	15148113
19158012	19145283	18950007	15148131
19158062	19145236	15127047	16148104
19161041	19145334	15127054	16148180
19161008	19145252	15127034	16148127
19161003	19145290	15127070	16148151
19161181	19145128	15127096	16148193
19161019	19145144	15127074	16148195
19161074	19145158	15149079	16148198
19161006	19145136	15149172	17148140
16148106	19145006	15149092	17148154
16148094	19145149	15149101	17148152
16148134	19146170	15149082	17148153
16148164	19146022	15149116	17148158
16148196	19146046	15149117	18156008
16148078	19146148	15149124	18156035
17148148	19146272	15149203	18156043
17148141	19146254	15149130	18156050
17148113	19146255	16127036	18158113
17148146	19146194	16127043	18158126
17148123	19146047	16127045	18158160
18156050	19146245	16127125	18158116
18156043	19146265	16149222	18158172
18156040	19146017	16149205	16130029
18156017	19146242	16149262	16130032
18158116	19146301	16149227	16130054
18158158	19146303	16149268	16130083
18158126	19146153	17127057	17130010
18158154	19146122	17127009	17130047
19156031	19146090	17127017	17130050
19156037	19146092	17127064	17130041
19156053	19146093	17149187	15124071
19158150	19146097	17149232	15124133
19158133	19147020	17149244	15124168
19158160	19147104	17149297	15124119
19158112	19147109	17149219	15124147
19158113	19147146	17149290	15124110
16130033	19147014	17149234	15124142
16130038	19147123	17149245	15125082
16130004	19147126	18127039	15125094
16130035	19147158	18127057	15125110
17130009	19147005	18127028	15125075
17130025	19147053	18149233	15125104
17130051	19149029	18149250	15125128
18130044	19149031	18149326	15125148
18130032	19149122	18149239	15126043
18130049	19149009	18149295	15126073
19130055	19149011	18149298	15126003
19130033	19149102	18149273	15126036
19130022	19149105	18149216	15126063
19130001	19149162	18149274	16124117
16124199	19149206	18149277	16124160
16124100	19149131	18155013	16124181
16124115	19149147	18155016	16124115
16124135	19149018	18155032	16124103
16124148	19149201	18155003	16124208
16125121	19149001	18157002	16125179
16125189	19150041	18157035	16125121
16125166	19151125	18157055	16125180
16126082	19151127	18157001	16126091
16126002	19151103	18157057	16126014
16126101	19151178		16126039
16132163	19151179		16126069
16132116	19151102		16132060
16125114	19151116		16132073
16132029	19151107		16132027
16132092	19151113		16132155
16132178	19151153		16132054
17124172	19151054		16132163
17124164	19151067		17124154
17124181	19151086		17124181
17124211	19151001		17124164
17124171	19151088		17124173
17124230	19158082		17124174
17125175	19161143		17124185
17125160	19161014		17124195
17125191	19161074		17125151
17125215	19161094		17125160
17125151	19161181		17125208
17126042	19161011		17125184
17126008	19161200		17125211
17126030	19161019		17126008
17126062	19161110		17126012
17126064	19161155		17126016
17132044	19161198		17126034
17132067	19161041		17126042
17132045	19161063		17126017
17132064	19161034		17132073
17132033	16148071		17132045
18124205	16148077		17132016
18124235	16148172		17132037
18124170	16148180		17132044
18124207	16148184		17132046
18124224	16148134		15950011
18124174	16148151		15950043
18124180	17148112		15950003
18125147	17148141		15950025
18125118	17148151		15950028
18125166	17148162		15950055
18125123	17148171		16131026
18125134	18156017		16131059
18126053	18156050		16131091
18126074	18156043		16131109
18126002	18156044		16131126
18126023	18158113		16950059
18126017	18158126		16950010
18126034	18158144		16950034
18132040	18158158		17131011
18132057	19156031		17131034
18132063	19156041		17131037
18132090	19156047		17131048
18132068	19156054		17131060
18132023	19158133		17950008
19124265	19158150		17950009
19124335	19158154		17950028
19124260	16130038		18131001
19124259	16130083		18131033
19124261	16130029		18131072
19124235	16130032		18131096
19124238	17130025		18131136
19124288	17130009		18131125
19124269	17130041		18131009
19124272	18130044		18131061
19125235	18130047		18131006
19125161	18130049		18131059
19125237	16124135		18950007
19125013	16124139		14149201
19125217	16124160		15127070
19125168	16124181		15127076
19125150	16124110		15127096
19125219	16124128		15127121
19126039	16125138		15127074
19126101	16125121		15127110
19126112	16125180		15149147
19126056	16126010		15149162
19126137	16126036		15149106
19126061	16126091		15149112
19126128	16126082		15149145
19126094	16125114		15149078
19126070	16132028		15149092
19126004	16132004		15149123
19132128	16132107		15149124
19132121	16132054		15149132
19132067	16132113		15149166
19132112	17124181		16127036
19132020	17124199		16127047
19132010	17124164		16127051
19132001	17124173		16127037
19132056	17124174		16127124
19132070	17124185		16149265
19136069	17125169		16149156
19136011	17125191		16149262
19136053	17125215		16149227
19136119	17125151		16149230
19136020	17125184		17127008
19136002	17126008		17127057
19136034	17126002		17127017
19136024	17126010		17127064
19136010	17126016		17127068
16131059	17126019		17149214
16131091	17126051		17149285
16131080	17132003		17149203
16131109	17132063		17149197
16131097	17132016		17149244
16950015	17132044		17149267
16950002	17132901		17149219
17131037	18124190		17149234
17131004	18124155		17149282
17131005	18124180		18127046
17131050	18124205		18127057
17131051	18124207		18127019
17950038	18124228		18127028
17950005	18124249		18127041
17950008	18125115		18149250
18131096	18125134		18149268
18131105	18125152		18149326
18131125	18125113		18149243
18131033	18125145		18149256
18131071	18126048		18149273
18131035	18126053		18149285
18131006	18126072		18149345
18131009	18126074		18149220
18131053	18126043		18149274
18131088	18126060		18149330
18950004	18132027		18155025
19131071	18132057		18155032
19131159	18132060		18155003
19131054	18132078		18157035
19131124	18132002		18157055
19131080	18132054		18157058
19131142	18132070		18157001
19131005	19124238		18157057
19131062	19124246		
19131121	19124314		
19131085	19124249		
19131109	19124317		
19131077	19124322		
19950018	19124259		
19950014	19124261		
16127036	19124288		
16127047	19124339		
16127072	19124351		
16127045	19125181		
16149204	19125142		
16149265	19125150		
16149193	19125189		
16149268	19125213		
16149230	19125217		
17127017	19125168		
17127035	19125235		
17127064	19126056		
17149219	19126074		
17149214	19126079		
17149187	19126094		
17149273	19126004		
17149256	19126037		
17149294	19126039		
17149234	19126101		
17149268	19126112		
18127028	19126137		
18127039	19132001		
18127019	19132020		
18127046	19132099		
18149326	19132117		
18149216	19132022		
18149344	19132123		
18149317	19132128		
18149329	19132056		
18149345	19132106		
18149341	19136011		
18149274	19136053		
18149239	19136069		
18149277	19136080		
18155032	19136001		
18155003	19136019		
18155044	19136087		
18155016	19136119		
18157057	19136105		
18157025	16131047		
18157055	16131052		
18157001	16131059		
19127029	16131062		
19127045	16131109		
19135001	16950015		
19135055	16950020		
19135027	16950038		
19135052	17131004		
19149040	17131005		
19149038	17131064		
19149041	17131016		
19149310	17131037		
19149280	17950008		
19149288	17950018		
19149347	18131033		
19149242	18131072		
19149333	18131096		
19149349	18131136		
19155003	18131003		
19155047	18131057		
19155028	18131009		
19155029	18131006		
19157020	18131079		
19157004	18131102		
19157009	18950002		
19157025	19131098		
19157027	19131063		
	19131085		
	19131111		
	19131051		
	19131062		
	19131118		
	19131010		
	19131054		
	19131064		
	19131124		
	19950001		
	19950002		
	15149130		
	16127036		
	16127043		
	16127045		
	16127047		
	16127094		
	16149265		
	16149156		
	16149262		
	16149227		
	16149230		
	17127029		
	17127057		
	17127017		
	17127064		
	17149214		
	17149285		
	17149187		
	17149203		
	17149267		
	17149219		
	17149234		
	17149245		
	18127046		
	18127057		
	18127019		
	18127025		
	18127028		
	18149250		
	18149326		
	18149317		
	18149239		
	18149273		
	18149216		
	18149345		
	18149212		
	18149274		
	18149277		
	18149330		
	18155013		
	18155016		
	18155032		
	18155004		
	18157002		
	18157046		
	18157055		
	18157001		
	18157057		
	19135001		
	19135012		
	19135027		
	19135042		
	19149316		
	19149041		
	19149298		
	19149038		
	19149256		
	19149285		
	19149234		
	19149347		
	19149352		
	19149364		
	19149235		
	19155004		
	19155047		
	19155048		
	19157019		
	19157022		
	19157004		
	19157014		
	19157020
